[[0.         0.         0.00333853 0.         0.00191743 0.
  0.00285965 0.0073838 ]
 [0.00453132 0.         0.37283768 0.55075147 0.31489547 0.49066624
  0.01786951 0.02418763]
 [0.00108231 0.27400039 0.         0.04180396 0.32664183 0.00023514
  0.13584428 0.31810642]
 [0.00402765 0.00377996 0.00582004 0.         0.0072069  0.00038049
  0.12159043 0.48021648]
 [0.         0.1297998  0.01419965 0.         0.         0.
  0.14960415 0.01018692]
 [0.00271674 0.01375211 0.12153204 0.12507568 0.39428829 0.
  0.05613773 0.04032555]
 [0.00022706 0.02020528 0.01829624 0.0719378  0.0041089  0.00543164
  0.         0.0668863 ]
 [0.0138162  0.00319339 0.02152666 0.00148108 0.00253942 0.00038216
  0.         0.        ]]
[(5, 0.21759736891833376), (4, 0.17866553872974528), (2, 0.15969446509267554), (1, 0.1556007764461092), (6, 0.09488683061766942), (3, 0.09395728531269229), (7, 0.06896919239438579), (0, 0.030628542488388942)]
11