[[0.         0.00307115 0.53496121 0.00659746 0.32844124 0.00623754
  0.00010243 0.44848557 0.11247636 0.06913097]
 [0.         0.         0.02014218 0.39829092 0.00628544 0.
  0.10554706 0.01962711 0.         0.0002251 ]
 [0.53290306 0.00300161 0.         0.         0.06214258 0.00894228
  0.00253223 0.10864414 0.63624818 0.43772614]
 [0.00318011 0.60076487 0.00762706 0.         0.         0.
  0.00855978 0.01881706 0.         0.        ]
 [0.         0.0105775  0.0099232  0.00568343 0.         0.07710753
  0.         0.03331308 0.07096869 0.13043603]
 [0.02209417 0.0274543  0.00213516 0.06273729 0.03217678 0.
  0.01868558 0.06015764 0.04744837 0.08551349]
 [0.04474956 0.07174651 0.06559121 0.03385599 0.01589481 0.01068226
  0.         0.00971582 0.01157511 0.00991526]
 [0.00250664 0.00293284 0.00118901 0.12441608 0.00006443 0.00103647
  0.00339473 0.         0.06020086 0.04694839]
 [0.02360817 0.01199698 0.00034393 0.01099801 0.00613731 0.00383937
  0.001713   0.29446474 0.         0.17470895]
 [0.00359896 0.2513823  0.         0.14338274 0.00840233 0.00994787
  0.         0.06925137 0.00782255 0.        ]]
[(2, 0.14514695897078866), (3, 0.14238906931924758), (0, 0.1391723581129329), (1, 0.13835701475069542), (9, 0.12981532745650112), (7, 0.08595834029033776), (4, 0.06870523202842262), (8, 0.06654904308134132), (6, 0.04693605600835743), (5, 0.0369705999813751)]
7